PINGUIN 10 5
ENTRY 100 70 40 20
EXIT 460 330 100 100
BTN_BASHER 0 0 0 0
BTN_FLOATER 0 0 0 0
STONE_FLOOR 40 170 200 30
STONE_FLOOR 140 170 200 30
STONE_FLOOR 240 170 200 30
STONE_FLOOR 340 170 200 30
STONE_FLOOR 440 170 200 30
STONE_FLOOR 240 300 200 30
STONE_FLOOR 340 300 200 30
STONE_FLOOR 440 300 200 30
STONE_FLOOR 540 300 200 30
STONE_FLOOR 90 430 200 30
STONE_FLOOR 190 430 200 30
STONE_FLOOR 290 430 200 30
STONE_FLOOR 390 430 200 30
STONE_FLOOR 490 430 200 30
FLOOR 40 168 200 10
FLOOR 140 168 200 10
FLOOR 240 168 200 10
FLOOR 340 168 200 10
FLOOR 440 168 200 10
FLOOR 240 298 200 10
FLOOR 340 298 200 10
FLOOR 440 298 200 10
FLOOR 540 298 200 10
FLOOR 90 428 200 10
FLOOR 190 428 200 10
FLOOR 290 428 200 10
FLOOR 390 428 200 10
FLOOR 490 428 200 10
WALL 315 130 35 75
WALL 30 130 35 75
WALL 710 260 35 75
WALL 415 260 35 75
WALL 80 390 35 75
WALL 365 390 35 75
WATER 0 568 512 32
WATER 512 568 512 32
WATER 0 558 512 32
WATER 512 558 512 32
