PAUSE
DIGGER
PINGUIN 10
DIGGER
ENTRY 150 100 40 20
EXIT 500 375 100 100
STONE_FLOOR 100 160 200 50
STONE_FLOOR 200 160 200 50
STONE_FLOOR 300 160 200 50
STONE_FLOOR 400 160 200 50
STONE_FLOOR 500 160 200 50
FLOOR 100 158 200 20
FLOOR 200 158 200 20
FLOOR 300 158 200 20
FLOOR 400 158 200 20
FLOOR 500 158 200 20
STONE_FLOOR 100 320 200 50
STONE_FLOOR 200 320 200 50
STONE_FLOOR 300 320 200 50
STONE_FLOOR 400 320 200 50
STONE_FLOOR 500 320 200 50
DECO 300 255 60 75
FLOOR 100 318 200 20
FLOOR 200 318 200 20
FLOOR 300 318 200 20
FLOOR 400 318 200 20
FLOOR 500 318 200 20
STONE_FLOOR 100 480 200 50
STONE_FLOOR 200 480 200 50
STONE_FLOOR 300 480 200 50
STONE_FLOOR 400 480 200 50
STONE_FLOOR 500 480 200 50
FLOOR 100 475 200 20
FLOOR 200 475 200 20
FLOOR 300 475 200 20
FLOOR 400 475 200 20
FLOOR 500 475 200 20
WALL 60 80 93 218
WALL 60 200 93 218
WALL 60 320 93 218
WALL 660 80 93 218
WALL 660 200 93 218
WALL 660 320 93 218
WATER 0 568 512 32
WATER 512 568 512 32
WATER 0 558 512 32
WATER 512 558 512 32
