PINGUIN 10
ENTRY 150 30 40 20
EXIT 550 420 80 80

FLOOR 100 100 200 15
FLOOR 200 100 200 15
FLOOR 300 100 200 15
FLOOR 400 100 200 15
FLOOR 500 100 200 15

FLOOR 100 200 200 15
FLOOR 200 200 200 15
FLOOR 300 200 200 15
FLOOR 400 200 200 15
FLOOR 500 200 200 15

FLOOR 100 300 200 15
FLOOR 200 300 200 15
FLOOR 300 300 200 15
FLOOR 400 300 200 15
FLOOR 500 300 200 15

FLOOR 100 400 200 15
FLOOR 200 400 200 15
FLOOR 300 400 200 15
FLOOR 400 400 200 15
FLOOR 500 400 200 15

FLOOR 100 500 200 15
FLOOR 200 500 200 15
FLOOR 300 500 200 15
FLOOR 400 500 200 15
FLOOR 500 500 200 15

WALL 60 20 93 218
WALL 60 140 93 218
WALL 60 260 93 218
WALL 60 380 93 218
WALL 660 20 93 218
WALL 660 140 93 218
WALL 660 260 93 218
WALL 660 380 93 218

WATER 0 568 512 32
WATER 512 568 512 32
WATER 0 558 512 32
WATER 512 558 512 32
